# CuAr Line List: 3094A-10470A
# units Angstroms
3247.54  CuI
3273.962  CuI
3307.2283  
3350.9243  
3376.4359  
3388.5309  
3464.1272  
3476.7474  
3478.2324  
3480.5055  
3509.7785  
3514.3877  
3519.9936  
3521.2601  
3521.9781  
3535.3196  
3548.5144  
3554.3058  
3556.9041  
3559.5081  
3561.0304  
3565.0298  
3567.6564  
3576.6156  
3582.3546  
3588.4407  
3606.5218  
3622.1375  
3632.6831  
3639.8329  
3649.8323  
3650.8896  
3655.2782  
3659.5289  
3660.437  
3669.6024  
3673.2645  
3678.2701  
3680.0609  
3682.5448  
3690.8951  
3706.9302  
3709.9088  
3714.7337  
3718.2065  
3720.4265  
3724.5165  
3729.3087  
3737.889  
3746.4476  
3750.4799  
3763.5053  
3765.27  
3770.52  
3780.8398  
3786.3824  
3796.5934  
3799.382  
3803.1724  
3809.4561  
3819.0159  
3825.6729  
3826.8072  
3834.6787  
3841.5187  
3845.4055  
3850.5813  
3856.1382  
3868.5284  
3872.1371  
3875.2645  
3880.3332  
3894.66  
3900.6266  
3911.576  
3914.7675  
3925.7188  
3928.6233  
3931.2359  
3932.5466  
3944.2717  
3946.0971  
3947.5046  
3948.9789  
3952.7291  
3958.38  
3968.3594  
3974.4766  
3979.3559  
3988.1576  
3992.0535  
3994.7918  
4005.3628  
4011.2093  
4013.8566  
4019.8429  
4022.629  
4031.3783  
4033.8093  
4035.46  
4038.8043  
4042.8937  
4044.4179  
4047.4815  
4052.9208  
4062.641  
4072.0047  
4076.6284  
4079.5738  
4082.3872  
4099.4563  
4103.9121  
4112.8153  
4116.3753  
4128.64  
4131.7235  
4144.2435  
4156.086  
4158.5905  
4164.1795  
4168.9682  
4179.2973  
4181.8836  
4191.0294  
4198.317  
4200.6745  
4203.4109  
4217.4308  
4222.6373  
4228.158  
4229.8696  
4237.2198  
4251.1846  
4255.6034 
4259.3619  
4266.5271  
4272.1689  
4277.5282  
4282.8976  
4297.9645  
4300.1008  
4309.2392  
4331.1995  
4333.5612  
4335.3379  
4337.0708  
4345.168  
4348.064  
4352.2049  
4362.0662  
4363.7945  
4367.8316  
4370.7532  
4375.9542  
4379.6668  
4385.0566  
4386.9656  
4397.7971
4400.9863  
4404.9022  
4406.4704  
4420.9124  
4426.0011  
4430.189  
4433.838  
4439.4614  
4445.8483  
4448.8792  
4460.5574  
4474.7594  
4481.8107  
4490.9816  
4498.5384  
4502.9268  
4507.8339  
4510.7332  
4522.323  
4530.5523  
4530.785  
4535.4903  
4537.6426  
4545.0519  
4547.7589  
4564.4054 
4564.4054  
4579.3495  
4589.8978  
4596.0967  
4598.7627  
4609.5673  
4628.4409  
4637.2328  
4651.124  
4657.9012  
4682.2759  
4702.3161  
4721.591  
4726.8683  
4732.0532  
4735.9058  
4757.2196  
4764.8646  
4786.1485  
4792.0819  
4806.0205  
4847.8095  
4865.9105  
4876.2611  
4879.8635  
4882.2432  
4889.0422  
4904.7516  
4914.3146  
4933.2091  
4942.9214  
4949.3979  
4965.0795  
4972.1597  
5009.3344  
5017.1628  
5062.0371  
5090.4951  
5105.541  CuI
5118.2023  
5125.7654  
5141.7827  
5145.3083  
5151.3907  
5153.235  CuI
5162.2846  
5165.7728  
5176.2292  
5187.7462  
5218.202  
5245.3781  
5254.4648  
5264.7824  
5281.6285  
5292.517  CuI
5305.688  
5311.9787  
5315.2095  
5331.0375  
5373.4943  
5384.3753  
5393.5995  
5397.516  
5402.6048  
5410.473  
5421.3517  
5439.9891  
5451.652  
5457.4157  
5467.1608  
5473.4516  
5490.1194  
5495.8738  
5498.1841  
5506.1128  
5514.376  
5519.3436  
5524.957  
5545.0495  
5558.702  
5572.5413  
5577.6845  
5581.8714  
5588.72  
5597.4756  
5601.1216  
5606.733  
5625.6782  
5641.3751  
5648.6863  
5650.7043  
5654.4566  
5659.1272  
5681.9001  
5691.6612  
5700.24  CuI
5704.3764  
5739.5196  
5743.2755  
5756.5983  
5772.1143  
5774.0087  
5782.132  CuI
5783.536  
5786.5553  
5802.0798  
5812.7592  
5822.1291  
5828.0739  
5834.2633  
5843.7775  
5860.3103  
5882.6242  
5888.5841  
5912.0853  
5916.5992  
5927.1258  
5928.813  
5942.6686  
5949.2583  
5964.4723  
5968.3199  
5971.6008  
5981.9239  
5987.3016  
5998.9987  
6005.7242  
6013.6777  
6025.15  
6032.1274  
6043.2233  
6046.8977  
6052.7229  
6059.3725  
6064.7508  
6081.2433  
6085.8797  
6090.7848  
6098.8031  
6101.1615  
6103.539  
6105.6351  
6113.4657  
6114.9234  
6119.6565  
6123.3619  
6127.416  
6138.6559  
6145.4411  
6155.2385  
6165.1232  
6170.174  
6172.2778  
6187.135  
6201.1002  
6212.5031  
6215.9383  
6230.9216  
6239.7121  
6243.1201  
6248.4055  
6278.6453  
6296.8722  
6307.657  
6324.4163  
6348.2321  
6364.8937  
6369.5748  
6375.9549  
6384.7169  
6388.3396  
6396.6097  
6399.2065  
6403.0128  
6408.9035  
6416.3071  
6422.8969  
6431.555  
6437.6003  
6441.8994  
6443.8598  
6466.5526  
6483.0825  
6538.112  
6604.8534  
6643.6976  
6660.6761  
6664.051  
6677.2817  
6684.2929  
6719.2184  
6752.8335  
6766.6117  
6827.2488  
6861.2688  
6871.2891  
6879.5824  
6888.1742  
6925.0094  
6937.6642  
6951.4776  
6965.4307  
6992.2126  
7030.2514  
7067.2181  
7086.7044  
7107.4778  
7125.82  
7147.0416  
7158.8387  
7206.9804  
7229.9386  
7233.5365  
7265.1724  
7272.9359  
7285.4437  
7311.7159  
7316.005  
7353.293  
7372.1184  
7383.9805  
7392.9801  
7412.3368  
7425.2942  
7471.1641  
7484.3267  
7503.8691  
7514.6518  
7618.3443  
7635.106  
7704.8169  
7724.2072  
7798.5604  
7814.323  
7861.91  
7891.075  
7916.442  
7948.1764  
8006.1567  
8014.7857  
8037.2183  
8046.1169  
8053.3085  
8103.6931  
8115.311  
8203.4352  
8264.5225  
8384.724  
8408.2096  
8424.6475  
8490.3065  
8521.4422  
8605.7762  
8620.4602  
8667.9442  
8678.4083  
8761.6862  
8771.8602  
8784.5563  
8799.0875  
8905.6581  
8962.1468  
9008.4636  
9017.5912  
9122.9674  
9194.6385  
9224.4992  
9291.5313  
9354.2198  
9508.4513  
9657.7863  
9784.5028  
9854.26  CuII
9906.3907  
